<?php
/*
* Kleines Einmaleins
*
* Schreibe ein Programm,
* welches das kleine Einmaleins formatiert ausgibt:
*
* 001 002 003 004 005 006 007 008 009 010
* 002 004 006 008 010 012 014 016 018 020
* 003 006 009 012 015 018 021 024 027 030
* 004 008 012 016 020 024 028 032 036 040
* 005 010 015 020 025 030 035 040 045 050
* 006 012 018 024 030 036 042 048 054 060
* 007 014 021 028 035 042 049 056 063 070
* 008 016 024 032 040 048 056 064 072 080
* 009 018 027 036 045 054 063 072 081 090
* 010 020 030 040 050 060 070 080 090 100
*
* Zusatz 1: Färbe jede 2. Zeile silber ein.
*
* Zusatz 2: Benutze für die Ausgabe eine HTML-Tabelle.
*/


echo "<table border='1' cellspacing='0' cellpadding='5' style='border-collapse: collapse; font-family: monospace;'>";

// Äußere Schleife = Zeilen
for ($i = 1; $i <= 10; $i++) {
    // Jede 2. Zeile einfärben
    $style = ($i % 2 == 0) ? " style='background-color: silver;'" : "";
    echo "<tr$style>";

    // Innere Schleife = Spalten
    for ($j = 1; $j <= 10; $j++) {
        $ergebnis = $i * $j;
        // mit führenden Nullen ausgeben (immer 3-stellig)
        echo "<td>" . str_pad($ergebnis, 3, "0", STR_PAD_LEFT) . "</td>";
        /*
        1. echo "<td>" ... "</td>";
            - Damit gibst du etwas in eine HTML-Tabelle aus.
            - Alles, was zwischen <td> und </td> steht, erscheint in einer Tabellenzelle.

        2. str_pad($ergebnis, 3, "0", STR_PAD_LEFT)
            - str_pad() ist eine PHP-Funktion, die einen String (oder Zahl als String) auf eine bestimmte Länge auffüllt.
            - Parameter:
                -> $ergebnis → der Wert, den du ausgeben willst.
                -> 3 → die Gesamtlänge, die das Ergebnis am Ende haben soll.
                -> "0" → womit aufgefüllt werden soll (hier mit Nullen).
                -> STR_PAD_LEFT → wo die Zeichen hinzugefügt werden (links).
        👉 Das bedeutet: Falls $ergebnis weniger als 3 Zeichen lang ist, werden links Nullen ergänzt.*/
    }

    echo "</tr>";
}

echo "</table>";
?>

